 mode  QM-Freq   MD-Freq     Diff.  %Error
   7     223.9       2.8     221.0   98.74
   8     270.9       3.0     267.8   98.88
   9     357.1     398.4     -41.2  -11.54
  10     735.8     745.0      -9.3   -1.26
  11     870.8     798.8      72.1    8.28
  12     891.6     900.8      -9.2   -1.03
  13     910.9     962.2     -51.3   -5.63
  14    1056.6     988.8      67.8    6.41
  15    1153.9    1078.9      75.1    6.50
  16    1186.5    1082.0     104.5    8.81
  17    1290.3    1232.9      57.3    4.44
  18    1336.2    1403.3     -67.1   -5.02
  19    1382.3    1405.9     -23.6   -1.71
  20    1398.7    1418.2     -19.5   -1.40
  21    1471.1    1419.1      52.0    3.53
  22    1472.2    1419.9      52.3    3.55
  23    1480.3    1440.0      40.4    2.73
  24    1490.5    1467.0      23.5    1.57
  25    1496.1    1469.9      26.2    1.75
  26    2969.9    3019.3     -49.4   -1.66
  27    2974.5    3021.0     -46.5   -1.56
  28    2977.9    3031.4     -53.5   -1.80
  29    2999.9    3031.4     -31.5   -1.05
  30    3043.1    3031.6      11.6    0.38
  31    3052.4    3033.5      18.9    0.62
  32    3053.7    3040.9      12.8    0.42
  33    3055.8    3041.7      14.1    0.46


         QM vectors              MD Vectors
==================================================
Mode 7
   0.000  -0.000   0.030    -0.000   0.000  -0.042
   0.000  -0.000   0.000     0.000   0.000   0.000
  -0.000   0.000  -0.360    -0.000   0.000  -0.446
   0.173  -0.300   0.241     0.209  -0.270   0.145
  -0.173   0.300   0.241    -0.209   0.270   0.145
  -0.000   0.000  -0.030     0.000  -0.000   0.042
  -0.006   0.000   0.000     0.029   0.000   0.000
   0.006  -0.000   0.000    -0.029  -0.000   0.000
   0.000  -0.000   0.360     0.000  -0.000   0.446
  -0.173  -0.300  -0.241    -0.209  -0.270  -0.145
   0.173   0.300  -0.241     0.209   0.270  -0.145

Mode 8
   0.000  -0.000   0.036    -0.000   0.000  -0.014
  -0.000   0.000  -0.087     0.000  -0.000   0.081
   0.000  -0.000   0.431    -0.000   0.000  -0.408
  -0.247   0.198  -0.096     0.223  -0.236   0.147
   0.247  -0.198  -0.096    -0.223   0.236   0.148
  -0.000  -0.000   0.036    -0.000   0.000  -0.014
  -0.000  -0.085  -0.152     0.000   0.099   0.156
  -0.000   0.085  -0.152     0.000  -0.099   0.156
   0.000  -0.000   0.431    -0.000   0.000  -0.408
  -0.247  -0.198  -0.096     0.223   0.236   0.148
   0.247   0.198  -0.096    -0.223  -0.236   0.148

Mode 9
   0.120  -0.039  -0.000     0.134  -0.038  -0.000
  -0.000   0.120   0.000     0.000   0.112   0.000
  -0.018  -0.240  -0.000     0.028  -0.196  -0.000
   0.270  -0.056   0.004     0.262  -0.057   0.006
   0.270  -0.056  -0.004     0.262  -0.057  -0.006
  -0.120  -0.039   0.000    -0.134  -0.038   0.000
  -0.000   0.105  -0.010    -0.000   0.090  -0.017
  -0.000   0.105   0.010     0.000   0.090   0.017
   0.018  -0.240  -0.000    -0.028  -0.196  -0.000
  -0.270  -0.056  -0.004    -0.262  -0.057  -0.006
  -0.270  -0.056   0.004    -0.262  -0.057   0.006

Mode 10
  -0.000   0.000  -0.016    -0.000  -0.000   0.002
  -0.000   0.000  -0.074     0.000  -0.000   0.103
   0.000  -0.000   0.109    -0.000   0.000  -0.151
  -0.197  -0.182   0.130     0.166   0.136  -0.112
   0.197   0.182   0.130    -0.166  -0.136  -0.112
   0.000  -0.000  -0.016     0.000  -0.000   0.002
   0.000   0.446   0.268    -0.000  -0.474  -0.261
   0.000  -0.446   0.268    -0.000   0.474  -0.261
   0.000  -0.000   0.109    -0.000   0.000  -0.151
  -0.197   0.182   0.130     0.166  -0.136  -0.112
   0.197  -0.182   0.130    -0.166   0.136  -0.112

Mode 11
   0.136   0.037  -0.000     0.119   0.042  -0.000
  -0.000  -0.121  -0.000    -0.000  -0.137  -0.000
   0.289   0.256  -0.000     0.279   0.278   0.000
  -0.005   0.070  -0.015    -0.015   0.092  -0.029
  -0.005   0.070   0.015    -0.015   0.092   0.029
  -0.136   0.037   0.000    -0.119   0.042   0.000
  -0.000  -0.117   0.003    -0.000  -0.145  -0.009
   0.000  -0.117  -0.003     0.000  -0.145   0.009
  -0.289   0.256   0.000    -0.279   0.278   0.000
   0.005   0.070   0.015     0.015   0.092   0.029
   0.005   0.070  -0.015     0.015   0.092  -0.029

Mode 12
   0.000   0.000  -0.062    -0.055  -0.097  -0.000
   0.000  -0.000   0.000     0.142  -0.000  -0.000
   0.000   0.000   0.190     0.068   0.080   0.000
  -0.290  -0.224   0.122    -0.261  -0.073  -0.006
   0.290   0.224   0.122    -0.261  -0.073   0.006
  -0.000  -0.000   0.062    -0.055   0.097   0.000
   0.341  -0.000  -0.000     0.261  -0.000  -0.000
  -0.341   0.000   0.000     0.261  -0.000  -0.000
  -0.000   0.000  -0.190     0.068  -0.080  -0.000
   0.290  -0.224  -0.122    -0.261   0.073  -0.006
  -0.290   0.224  -0.122    -0.261   0.073   0.006

Mode 13
   0.023  -0.076  -0.000    -0.000   0.000  -0.081
   0.035  -0.000  -0.000     0.000  -0.000  -0.000
   0.299   0.328   0.000     0.000  -0.000   0.236
  -0.296  -0.006  -0.033    -0.288  -0.262   0.131
  -0.296  -0.006   0.033     0.288   0.262   0.131
   0.023   0.076   0.000     0.000  -0.000   0.081
  -0.194  -0.000   0.000     0.154   0.000  -0.000
  -0.194  -0.000   0.000    -0.154  -0.000   0.000
   0.299  -0.328  -0.000    -0.000   0.000  -0.236
  -0.296   0.006  -0.033     0.288  -0.262  -0.131
  -0.296   0.006   0.033    -0.288   0.262  -0.131

Mode 14
   0.088   0.068   0.000     0.069  -0.036  -0.000
  -0.166  -0.000   0.000    -0.071  -0.000   0.000
   0.103   0.089   0.000     0.310   0.321   0.000
   0.098   0.086  -0.011    -0.204   0.074  -0.063
   0.098   0.086   0.011    -0.204   0.074   0.063
   0.088  -0.068  -0.000     0.069   0.036   0.000
  -0.362   0.000   0.000    -0.304  -0.000   0.000
  -0.362   0.000   0.000    -0.304  -0.000   0.000
   0.103  -0.089  -0.000     0.310  -0.321  -0.000
   0.098  -0.086  -0.011    -0.204  -0.074  -0.063
   0.098  -0.086   0.011    -0.204  -0.074   0.063

Mode 15
   0.026  -0.098  -0.000     0.027  -0.093  -0.000
  -0.000   0.142   0.000    -0.000   0.124  -0.000
   0.221   0.200   0.000     0.235   0.207  -0.000
  -0.268  -0.002  -0.050    -0.282  -0.001  -0.051
  -0.268  -0.002   0.050    -0.282  -0.001   0.051
  -0.026  -0.098  -0.000    -0.027  -0.093   0.000
  -0.000   0.127  -0.013    -0.000   0.169   0.026
  -0.000   0.127   0.013    -0.000   0.169  -0.026
  -0.221   0.200   0.000    -0.234   0.207   0.000
   0.269  -0.002   0.050     0.282  -0.001   0.051
   0.269  -0.002  -0.050     0.282  -0.001  -0.051

Mode 16
   0.000  -0.000   0.091    -0.000  -0.000  -0.091
  -0.000   0.000  -0.140     0.000   0.000   0.124
  -0.000   0.000  -0.178     0.000   0.000   0.202
   0.192   0.201  -0.076    -0.222  -0.226   0.088
  -0.192  -0.201  -0.076     0.222   0.226   0.088
   0.000  -0.000   0.091    -0.000  -0.000  -0.091
   0.000   0.278   0.075    -0.000  -0.217  -0.030
  -0.000  -0.278   0.075     0.000   0.217  -0.030
  -0.000   0.000  -0.178     0.000  -0.000   0.202
   0.192  -0.201  -0.076    -0.222   0.226   0.088
  -0.192   0.201  -0.076     0.222  -0.226   0.088

Mode 17
   0.000  -0.000   0.069    -0.000   0.000  -0.043
   0.000   0.000   0.000    -0.000   0.000  -0.000
  -0.000   0.000  -0.096    -0.000   0.000  -0.030
   0.118   0.132  -0.036    -0.086  -0.045  -0.013
  -0.118  -0.132  -0.036     0.086   0.045  -0.013
  -0.000   0.000  -0.069     0.000  -0.000   0.043
   0.604  -0.000  -0.000    -0.674   0.000   0.000
  -0.604   0.000   0.000     0.674  -0.000  -0.000
   0.000  -0.000   0.096    -0.000   0.000   0.030
  -0.118   0.132   0.036     0.086  -0.045   0.013
   0.118  -0.132   0.036    -0.086   0.045   0.013

Mode 18
  -0.013   0.044   0.000    -0.018   0.036   0.000
   0.149  -0.000  -0.000     0.138   0.000  -0.000
  -0.161  -0.166  -0.000    -0.057  -0.019   0.000
  -0.037  -0.091   0.089    -0.035  -0.187   0.165
  -0.037  -0.091  -0.089    -0.036  -0.187  -0.165
  -0.013  -0.044  -0.000    -0.018  -0.037  -0.000
  -0.501  -0.000   0.000    -0.481  -0.001  -0.001
  -0.501  -0.000   0.000    -0.481  -0.001   0.001
  -0.161   0.166   0.000    -0.056   0.018   0.000
  -0.037   0.091   0.089    -0.035   0.188   0.166
  -0.037   0.091  -0.089    -0.035   0.188  -0.165

Mode 19
   0.085   0.036  -0.000     0.012  -0.027  -0.000
  -0.060  -0.000   0.000    -0.000   0.040   0.000
  -0.153  -0.285  -0.000    -0.110  -0.192  -0.000
  -0.331  -0.073   0.089    -0.065   0.289  -0.223
  -0.331  -0.073  -0.088    -0.065   0.289   0.223
   0.085  -0.036  -0.000    -0.012  -0.027  -0.000
   0.156   0.000   0.000     0.001  -0.301  -0.250
   0.156   0.000  -0.000     0.001  -0.301   0.250
  -0.152   0.285   0.000     0.110  -0.192   0.000
  -0.330   0.073   0.088     0.065   0.288   0.222
  -0.330   0.073  -0.088     0.065   0.288  -0.222

Mode 20
   0.075   0.053   0.000    -0.000   0.000   0.037
   0.000  -0.008  -0.000    -0.000  -0.000  -0.000
  -0.190  -0.312  -0.000     0.000   0.000  -0.479
  -0.310  -0.123   0.137    -0.335   0.094  -0.021
  -0.310  -0.123  -0.137     0.336  -0.094  -0.022
  -0.075   0.053   0.000    -0.000  -0.000  -0.037
  -0.000  -0.022  -0.006     0.068   0.000  -0.000
  -0.000  -0.022   0.006    -0.067  -0.000  -0.000
   0.191  -0.313  -0.000     0.000  -0.000   0.481
   0.311  -0.123  -0.137     0.337   0.094   0.022
   0.311  -0.123   0.137    -0.337  -0.094   0.022

Mode 21
   0.008  -0.010   0.000    -0.014   0.013  -0.000
  -0.000   0.057   0.000    -0.078  -0.000   0.000
  -0.075  -0.112  -0.000     0.200   0.307   0.000
  -0.034   0.181  -0.132     0.112  -0.289   0.210
  -0.034   0.181   0.132     0.112  -0.289  -0.210
  -0.008  -0.010  -0.000    -0.014  -0.013   0.000
  -0.000  -0.466  -0.369     0.202   0.000   0.000
   0.000  -0.466   0.369     0.202   0.000  -0.000
   0.075  -0.112   0.000     0.200  -0.307  -0.000
   0.034   0.181   0.132     0.112   0.289   0.210
   0.034   0.181  -0.132     0.112   0.289  -0.210

Mode 22
   0.000  -0.000  -0.036     0.000  -0.000   0.031
   0.000   0.000  -0.000     0.000  -0.000   0.021
  -0.000  -0.000   0.492    -0.000  -0.000  -0.476
   0.327  -0.098   0.038    -0.347   0.085  -0.021
  -0.327   0.098   0.038     0.347  -0.084  -0.021
  -0.000  -0.000   0.036     0.000  -0.000   0.031
   0.047  -0.000  -0.000     0.000  -0.014   0.018
  -0.047  -0.000   0.000    -0.000   0.014   0.018
   0.000  -0.000  -0.492    -0.000   0.000  -0.475
  -0.327  -0.098  -0.038    -0.346  -0.084  -0.021
   0.327   0.098  -0.038     0.346   0.084  -0.021

Mode 23
  -0.012   0.034   0.000     0.006   0.025   0.000
  -0.034  -0.000   0.000    -0.000   0.077   0.000
   0.131   0.215   0.000     0.040   0.071  -0.000
   0.068  -0.353   0.269    -0.067  -0.220   0.181
   0.068  -0.353  -0.269    -0.067  -0.220  -0.181
  -0.012  -0.034  -0.000    -0.006   0.025   0.000
   0.079   0.000   0.000     0.000  -0.391  -0.350
   0.079   0.000  -0.000     0.000  -0.391   0.350
   0.131  -0.215  -0.000    -0.040   0.071  -0.000
   0.068   0.353   0.269     0.067  -0.219  -0.181
   0.068   0.353  -0.269     0.067  -0.219   0.181

Mode 24
   0.000  -0.000   0.032     0.082   0.050   0.000
   0.000  -0.000   0.028    -0.000  -0.038  -0.000
  -0.000   0.000  -0.487    -0.203  -0.350  -0.000
  -0.333   0.091  -0.031    -0.301  -0.050   0.087
   0.333  -0.091  -0.031    -0.301  -0.050  -0.087
   0.000  -0.000   0.032    -0.081   0.050   0.000
   0.000  -0.042   0.000     0.000   0.084   0.089
  -0.000   0.042   0.000     0.000   0.084  -0.089
  -0.000   0.000  -0.487     0.202  -0.349  -0.000
  -0.333  -0.091  -0.031     0.299  -0.050  -0.086
   0.333   0.091  -0.031     0.299  -0.050   0.086

Mode 25
  -0.021   0.023   0.000     0.086   0.049   0.000
  -0.000   0.060   0.000    -0.072   0.000   0.000
   0.125   0.214  -0.000    -0.137  -0.266  -0.000
   0.072  -0.304   0.225    -0.297  -0.115   0.132
   0.072  -0.304  -0.225    -0.297  -0.115  -0.132
   0.021   0.023   0.000     0.087  -0.049  -0.000
   0.000  -0.240  -0.217     0.132  -0.000  -0.000
   0.000  -0.240   0.217     0.132  -0.000   0.000
  -0.125   0.214   0.000    -0.139   0.268   0.000
  -0.072  -0.303  -0.225    -0.299   0.115   0.133
  -0.072  -0.304   0.225    -0.299   0.115  -0.133

Mode 26
  -0.001  -0.011  -0.000     0.000  -0.000   0.007
  -0.000   0.065   0.000    -0.000   0.000  -0.090
  -0.003   0.005   0.000    -0.000   0.000   0.001
   0.005   0.062   0.091     0.004  -0.026  -0.040
   0.005   0.062  -0.091    -0.004   0.026  -0.040
   0.001  -0.011  -0.000     0.000  -0.000   0.007
   0.000  -0.386   0.544     0.000  -0.402   0.530
  -0.000  -0.386  -0.544     0.000   0.402   0.530
   0.003   0.005   0.000     0.000   0.000   0.001
  -0.005   0.062  -0.091     0.004   0.026  -0.040
  -0.005   0.062   0.091    -0.004  -0.026  -0.040

Mode 27
   0.026   0.023  -0.000    -0.003  -0.005   0.000
  -0.001  -0.000   0.000    -0.000   0.068  -0.000
  -0.283   0.211   0.000     0.048  -0.030  -0.000
  -0.008  -0.243  -0.344    -0.000   0.042   0.061
  -0.008  -0.243   0.344    -0.000   0.042  -0.061
   0.026  -0.023  -0.000     0.003  -0.005   0.000
   0.002   0.000  -0.000     0.000  -0.401   0.542
   0.002   0.000   0.000    -0.000  -0.400  -0.542
  -0.285  -0.212   0.000    -0.048  -0.030   0.000
  -0.008   0.244  -0.345     0.000   0.042  -0.061
  -0.008   0.244   0.345     0.000   0.042   0.061

Mode 28
  -0.027  -0.021   0.000     0.000  -0.000   0.078
   0.000  -0.012  -0.000    -0.000  -0.000   0.002
   0.299  -0.219  -0.000    -0.000   0.000   0.009
   0.010   0.235   0.331    -0.021  -0.346  -0.465
   0.010   0.235  -0.330     0.021   0.346  -0.465
   0.027  -0.021  -0.000     0.000   0.000  -0.045
  -0.000   0.073  -0.105     0.008   0.012  -0.014
   0.000   0.073   0.105    -0.008  -0.012  -0.014
  -0.298  -0.218   0.000    -0.000  -0.000  -0.005
  -0.010   0.234  -0.329     0.012  -0.199   0.268
  -0.010   0.234   0.329    -0.012   0.199   0.268

Mode 29
  -0.000   0.000  -0.023     0.000  -0.000   0.044
   0.000  -0.000   0.082    -0.000  -0.000   0.008
   0.000  -0.000  -0.007    -0.001   0.000   0.005
   0.004   0.106   0.142    -0.013  -0.197  -0.265
  -0.004  -0.106   0.142     0.013   0.198  -0.266
  -0.000   0.000  -0.023     0.000   0.000   0.077
  -0.000   0.379  -0.494    -0.002   0.043  -0.050
  -0.000  -0.379  -0.494     0.002  -0.043  -0.050
  -0.000  -0.000  -0.007    -0.001  -0.000   0.009
   0.004  -0.106   0.142    -0.022   0.345  -0.463
  -0.004   0.106   0.142     0.022  -0.345  -0.464

Mode 30
  -0.000   0.000  -0.062     0.036  -0.052  -0.000
   0.000   0.000  -0.000    -0.001   0.000  -0.000
   0.000  -0.000  -0.016    -0.453   0.315   0.000
   0.013   0.284   0.379     0.014   0.154   0.220
  -0.013  -0.284   0.379     0.014   0.153  -0.218
   0.000  -0.000   0.062     0.036   0.052  -0.000
  -0.003  -0.000   0.000     0.005  -0.000   0.000
   0.003   0.000  -0.000     0.005   0.000   0.000
  -0.000  -0.000   0.016    -0.454  -0.316   0.000
  -0.013   0.284  -0.379     0.014  -0.154   0.220
   0.013  -0.284  -0.379     0.014  -0.153  -0.219

Mode 31
   0.000  -0.000   0.058     0.036  -0.053  -0.000
   0.000  -0.000   0.034    -0.000  -0.001  -0.000
  -0.000   0.000   0.012    -0.448   0.311   0.000
  -0.016  -0.264  -0.351     0.014   0.158   0.225
   0.016   0.264  -0.352     0.014   0.158  -0.225
   0.000   0.000   0.058    -0.036  -0.053   0.000
  -0.000   0.150  -0.199     0.000   0.012  -0.012
  -0.000  -0.150  -0.199     0.000   0.012   0.012
  -0.000  -0.000   0.012     0.446   0.310  -0.000
  -0.016   0.264  -0.351    -0.014   0.157  -0.224
   0.016  -0.264  -0.352    -0.014   0.157   0.224

Mode 32
   0.036  -0.049  -0.000     0.029   0.021  -0.000
   0.000   0.000  -0.000     0.001   0.000  -0.000
  -0.466   0.327   0.000    -0.321   0.228   0.000
   0.014   0.130   0.197    -0.013  -0.238  -0.328
   0.014   0.129  -0.196    -0.013  -0.238   0.328
   0.038   0.051  -0.000     0.029  -0.020  -0.000
   0.001  -0.001   0.001    -0.002  -0.000   0.000
   0.001  -0.001  -0.001    -0.002  -0.000  -0.000
  -0.481  -0.338   0.000    -0.320  -0.227   0.000
   0.015  -0.134   0.203    -0.013   0.237  -0.326
   0.015  -0.134  -0.203    -0.013   0.237   0.326

Mode 33
   0.037  -0.050  -0.000    -0.029  -0.019   0.000
   0.000  -0.010  -0.000     0.000  -0.012  -0.000
  -0.473   0.332   0.000     0.324  -0.231  -0.000
   0.017   0.137   0.206     0.013   0.230   0.317
   0.017   0.137  -0.206     0.013   0.230  -0.317
  -0.036  -0.049  -0.000     0.029  -0.019  -0.000
   0.000   0.053  -0.071    -0.000   0.070  -0.093
   0.000   0.053   0.071     0.000   0.069   0.093
   0.458   0.321  -0.000    -0.326  -0.232   0.000
  -0.017   0.133  -0.200    -0.013   0.231  -0.318
  -0.017   0.133   0.200    -0.013   0.231   0.318
