 mode  QM-Freq   MD-Freq     Diff.  %Error
   7     394.8     429.1     -34.2   -8.67
   8     395.0     429.1     -34.1   -8.64
   9     599.3     618.2     -18.9   -3.16
  10     599.3     618.2     -18.9   -3.15
  11     662.1     686.6     -24.5   -3.70
  12     690.8     705.1     -14.3   -2.07
  13     830.2     843.1     -12.9   -1.56
  14     830.2     843.1     -12.9   -1.55
  15     938.3     974.4     -36.0   -3.84
  16     938.4     974.4     -36.0   -3.83
  17     971.5     989.2     -17.7   -1.82
  18     984.6     989.3      -4.8   -0.49
  19     994.5     989.3       5.1    0.52
  20    1039.7     999.2      40.4    3.89
  21    1039.9    1011.3      28.5    2.74
  22    1150.6    1125.5      25.0    2.17
  23    1171.4    1125.6      45.9    3.92
  24    1171.5    1181.1      -9.7   -0.82
  25    1334.9    1377.4     -42.5   -3.18
  26    1362.5    1488.3    -125.8   -9.23
  27    1475.4    1488.3     -12.9   -0.87
  28    1475.5    1551.9     -76.4   -5.18
  29    1602.6    1568.2      34.4    2.15
  30    1602.7    1568.2      34.5    2.15
  31    3103.1    3114.1     -11.0   -0.35
  32    3112.9    3114.1      -1.3   -0.04
  33    3112.9    3114.7      -1.8   -0.06
  34    3128.4    3114.7      13.7    0.44
  35    3128.5    3118.2      10.3    0.33
  36    3138.5    3119.6      18.9    0.60


         QM vectors              MD Vectors
==================================================
Mode 7
   0.000  -0.000  -0.098    -0.000   0.000  -0.116
  -0.000  -0.000   0.136    -0.000   0.000  -0.022
  -0.000   0.000  -0.037     0.000   0.000   0.138
  -0.000   0.000  -0.098     0.000  -0.000  -0.116
  -0.000   0.000   0.136     0.000  -0.000  -0.022
   0.000  -0.000  -0.037    -0.000  -0.000   0.138
   0.000  -0.000  -0.217     0.000   0.000  -0.205
   0.000  -0.000   0.300     0.000   0.000  -0.038
  -0.000   0.000  -0.082     0.000   0.000   0.243
  -0.000   0.000  -0.217     0.000  -0.000  -0.205
  -0.000   0.000   0.300    -0.000  -0.000  -0.038
   0.000  -0.000  -0.082    -0.000   0.000   0.243

Mode 8
   0.000  -0.000   0.100     0.000  -0.000  -0.092
   0.000  -0.000   0.035     0.000  -0.000   0.147
  -0.000  -0.000  -0.135    -0.000   0.000  -0.054
  -0.000   0.000   0.100    -0.000   0.000  -0.092
  -0.000   0.000   0.035    -0.000   0.000   0.147
   0.000   0.000  -0.135     0.000  -0.000  -0.054
  -0.000  -0.000   0.221     0.000  -0.000  -0.163
   0.000  -0.000   0.078     0.000  -0.000   0.259
  -0.000  -0.000  -0.299    -0.000   0.000  -0.096
  -0.000   0.000   0.221    -0.000   0.000  -0.163
   0.000   0.000   0.078    -0.000  -0.000   0.259
   0.000  -0.000  -0.299     0.000   0.000  -0.096

Mode 9
  -0.108   0.035  -0.000    -0.078  -0.012  -0.000
  -0.043  -0.135  -0.000    -0.016  -0.145  -0.000
   0.053  -0.045  -0.000     0.105  -0.015  -0.000
   0.108  -0.035  -0.000     0.078   0.012  -0.000
   0.043   0.135  -0.000     0.016   0.145  -0.000
  -0.053   0.045  -0.000    -0.105   0.015  -0.000
  -0.038   0.117   0.000    -0.030   0.046   0.000
  -0.000  -0.142   0.000    -0.030  -0.146   0.000
   0.003   0.096   0.000     0.086   0.044   0.000
   0.038  -0.117   0.000     0.030  -0.046   0.000
   0.000   0.142   0.000     0.030   0.146   0.000
  -0.003  -0.096   0.000    -0.086  -0.044   0.000

Mode 10
   0.048  -0.100  -0.000     0.090  -0.107  -0.000
   0.052  -0.051  -0.000     0.067   0.012  -0.000
   0.129   0.062  -0.000     0.093   0.077  -0.000
  -0.048   0.100  -0.000    -0.090   0.107  -0.000
  -0.052   0.051  -0.000    -0.067  -0.012  -0.000
  -0.129  -0.062  -0.000    -0.093  -0.077  -0.000
   0.120  -0.015   0.000     0.111  -0.087   0.000
  -0.095  -0.023   0.000    -0.012   0.028   0.000
   0.141   0.026   0.000     0.113   0.029   0.000
  -0.120   0.015   0.000    -0.111   0.087   0.000
   0.095   0.023   0.000     0.012  -0.028   0.000
  -0.141  -0.026   0.000    -0.113  -0.029   0.000

Mode 11
  -0.000  -0.000   0.033     0.000   0.000  -0.033
   0.000  -0.000   0.033    -0.000   0.000  -0.033
   0.000   0.000   0.033    -0.000  -0.000  -0.033
   0.000   0.000   0.033    -0.000  -0.000  -0.033
  -0.000   0.000   0.033     0.000  -0.000  -0.033
  -0.000  -0.000   0.033     0.000   0.000  -0.033
   0.000   0.000  -0.391    -0.000  -0.000   0.391
  -0.000  -0.000  -0.391     0.000   0.000   0.391
  -0.000   0.000  -0.391    -0.000  -0.000   0.391
  -0.000  -0.000  -0.391     0.000   0.000   0.391
   0.000   0.000  -0.391    -0.000  -0.000   0.391
  -0.000  -0.000  -0.391     0.000   0.000   0.391

Mode 12
   0.000   0.000  -0.106    -0.000  -0.000   0.108
   0.000  -0.000   0.106    -0.000   0.000  -0.108
  -0.000   0.000  -0.106     0.000  -0.000   0.108
   0.000   0.000   0.106    -0.000  -0.000  -0.108
   0.000  -0.000  -0.106    -0.000   0.000   0.108
  -0.000   0.000   0.106     0.000  -0.000  -0.108
   0.000   0.000  -0.176    -0.000  -0.000   0.160
   0.000  -0.000   0.176    -0.000   0.000  -0.160
  -0.000   0.000  -0.176     0.000  -0.000   0.160
   0.000   0.000   0.176    -0.000  -0.000  -0.160
   0.000  -0.000  -0.176    -0.000   0.000   0.160
  -0.000   0.000   0.176     0.000  -0.000  -0.160

Mode 13
   0.000  -0.000   0.069    -0.000   0.000  -0.050
   0.000   0.000   0.063     0.000  -0.000  -0.075
  -0.000   0.000  -0.006     0.000   0.000  -0.025
   0.000  -0.000  -0.069    -0.000   0.000   0.050
   0.000   0.000  -0.063    -0.000  -0.000   0.075
  -0.000   0.000   0.006     0.000  -0.000   0.025
   0.000   0.000  -0.462    -0.000  -0.000   0.334
  -0.000   0.000  -0.420     0.000  -0.000   0.502
  -0.000   0.000   0.042     0.000  -0.000   0.168
   0.000   0.000   0.462    -0.000  -0.000  -0.334
  -0.000  -0.000   0.420     0.000  -0.000  -0.502
  -0.000  -0.000  -0.042     0.000  -0.000  -0.168

Mode 14
   0.000  -0.000  -0.033    -0.000   0.000   0.058
   0.000   0.000   0.044    -0.000  -0.000  -0.014
  -0.000  -0.000   0.076     0.000   0.000  -0.072
   0.000  -0.000   0.033    -0.000   0.000  -0.058
   0.000   0.000  -0.043     0.000  -0.000   0.014
  -0.000  -0.000  -0.076     0.000   0.000   0.072
  -0.000  -0.000   0.219     0.000   0.000  -0.387
  -0.000   0.000  -0.291     0.000  -0.000   0.095
  -0.000   0.000  -0.509     0.000  -0.000   0.483
   0.000  -0.000  -0.219     0.000   0.000   0.387
  -0.000   0.000   0.291     0.000  -0.000  -0.095
  -0.000   0.000   0.509     0.000  -0.000  -0.483

Mode 15
  -0.000   0.000   0.078     0.070   0.019  -0.000
   0.000   0.000  -0.077    -0.013  -0.092  -0.000
   0.000   0.000  -0.001    -0.067   0.035   0.000
   0.000   0.000   0.078     0.070   0.019   0.000
   0.000  -0.000  -0.077    -0.013  -0.092   0.000
  -0.000  -0.000  -0.001    -0.067   0.035   0.000
   0.000   0.000  -0.422     0.269   0.249   0.000
   0.000   0.000   0.417     0.008  -0.100   0.000
   0.000  -0.000   0.004    -0.163   0.301  -0.000
  -0.000  -0.000  -0.422     0.269   0.249  -0.000
  -0.000  -0.000   0.418     0.008  -0.100   0.000
  -0.000  -0.000   0.004    -0.163   0.301  -0.000

Mode 16
   0.000  -0.000   0.044    -0.044   0.077  -0.000
   0.000  -0.000   0.046     0.067  -0.006   0.000
  -0.000  -0.000  -0.090    -0.060  -0.061   0.000
  -0.000   0.000   0.044    -0.044   0.077  -0.000
   0.000   0.000   0.046     0.067  -0.006  -0.000
   0.000  -0.000  -0.090    -0.060  -0.061  -0.000
   0.000   0.000  -0.239     0.051   0.193   0.000
  -0.000  -0.000  -0.246     0.400  -0.068  -0.000
   0.000  -0.000   0.485    -0.001  -0.239  -0.000
  -0.000   0.000  -0.239     0.051   0.193   0.000
   0.000   0.000  -0.246     0.400  -0.068   0.000
   0.000   0.000   0.485    -0.001  -0.239  -0.000

Mode 17
   0.000  -0.000  -0.051    -0.085   0.073   0.000
   0.000   0.000   0.051    -0.020  -0.111   0.000
  -0.000  -0.000  -0.051     0.106   0.038  -0.000
   0.000  -0.000   0.051    -0.085   0.073   0.000
   0.000   0.000  -0.051    -0.020  -0.111   0.000
  -0.000  -0.000   0.051     0.106   0.038  -0.000
  -0.000  -0.000   0.367    -0.093   0.079  -0.000
  -0.000   0.000  -0.367    -0.022  -0.120  -0.000
  -0.000  -0.000   0.367     0.115   0.041   0.000
  -0.000  -0.000  -0.367    -0.093   0.079  -0.000
  -0.000   0.000   0.367    -0.022  -0.120  -0.000
   0.000  -0.000  -0.367     0.115   0.041   0.000

Mode 18
  -0.086   0.074  -0.000     0.000  -0.000  -0.043
  -0.021  -0.111   0.000     0.000   0.000   0.075
   0.107   0.038  -0.000    -0.000  -0.000  -0.032
  -0.086   0.074   0.000     0.000  -0.000  -0.044
  -0.021  -0.111  -0.000     0.000   0.000   0.075
   0.107   0.038   0.000    -0.000  -0.000  -0.032
  -0.085   0.073   0.000     0.000  -0.000   0.294
  -0.020  -0.110  -0.000    -0.000   0.000  -0.510
   0.105   0.037   0.000    -0.000  -0.000   0.216
  -0.085   0.073  -0.000     0.000  -0.000   0.294
  -0.020  -0.110   0.000     0.000   0.000  -0.510
   0.105   0.037   0.000    -0.000   0.000   0.216

Mode 19
   0.085  -0.073   0.000    -0.000   0.000  -0.062
  -0.020  -0.110  -0.000    -0.000  -0.000  -0.007
  -0.106  -0.038   0.000     0.000   0.000   0.069
  -0.085   0.073  -0.000    -0.000   0.000  -0.062
   0.020   0.110  -0.000    -0.000  -0.000  -0.007
   0.106   0.037   0.000     0.000   0.000   0.069
   0.093  -0.079  -0.000    -0.000   0.000   0.419
  -0.022  -0.120   0.000    -0.000  -0.000   0.045
  -0.115  -0.041  -0.000     0.000   0.000  -0.464
  -0.093   0.079   0.000    -0.000   0.000   0.419
   0.022   0.120  -0.000    -0.000  -0.000   0.045
   0.115   0.041   0.000     0.000   0.000  -0.464

Mode 20
  -0.039  -0.049   0.000     0.086  -0.073   0.000
  -0.018   0.082   0.000    -0.020  -0.111  -0.000
   0.085  -0.002  -0.000    -0.106  -0.038   0.000
  -0.039  -0.049  -0.000    -0.086   0.073  -0.000
  -0.018   0.082  -0.000     0.020   0.111  -0.000
   0.085  -0.002   0.000     0.106   0.038   0.000
  -0.272  -0.322  -0.000     0.092  -0.079  -0.000
  -0.201   0.121   0.000    -0.022  -0.119   0.000
   0.147  -0.162  -0.000    -0.114  -0.041  -0.000
  -0.272  -0.322   0.000    -0.092   0.079   0.000
  -0.201   0.121  -0.000     0.022   0.119   0.000
   0.147  -0.162   0.000     0.114   0.040  -0.000

Mode 21
   0.070  -0.057   0.000    -0.000   0.000   0.046
  -0.061  -0.036  -0.000     0.000   0.000  -0.046
   0.022   0.066  -0.000     0.000   0.000   0.046
   0.069  -0.057   0.000     0.000  -0.000  -0.046
  -0.061  -0.036   0.000    -0.000  -0.000   0.046
   0.022   0.066   0.000    -0.000  -0.000  -0.046
   0.080  -0.055  -0.000     0.000   0.000  -0.374
  -0.363   0.016   0.000     0.000   0.000   0.374
  -0.080   0.364   0.000    -0.000   0.000  -0.374
   0.080  -0.055  -0.000     0.000   0.000   0.374
  -0.363   0.016  -0.000     0.000  -0.000  -0.374
  -0.080   0.364  -0.000    -0.000   0.000   0.374

Mode 22
  -0.013  -0.016   0.000     0.039   0.055  -0.000
   0.020  -0.004  -0.000    -0.022  -0.019  -0.000
  -0.007   0.019  -0.000    -0.001   0.052  -0.000
  -0.013  -0.015   0.000    -0.039  -0.055  -0.000
   0.020  -0.004  -0.000     0.022   0.019  -0.000
  -0.007   0.019  -0.000     0.001  -0.052  -0.000
  -0.260  -0.304  -0.000     0.319   0.383   0.000
   0.394  -0.073  -0.000    -0.135   0.002  -0.000
  -0.134   0.378   0.000    -0.107   0.349   0.000
  -0.260  -0.304   0.000    -0.319  -0.383   0.000
   0.394  -0.073   0.000     0.135  -0.002  -0.000
  -0.134   0.378  -0.000     0.107  -0.349   0.000

Mode 23
  -0.037  -0.043   0.000    -0.029   0.001   0.000
   0.025  -0.008   0.000     0.065  -0.018  -0.000
   0.014  -0.028   0.000    -0.032   0.041   0.000
   0.037   0.043   0.000     0.029  -0.001   0.000
  -0.025   0.008   0.000    -0.065   0.018  -0.000
  -0.014   0.028   0.000     0.032  -0.041   0.000
  -0.351  -0.411  -0.000    -0.104  -0.087  -0.000
   0.242  -0.049  -0.000     0.489  -0.097  -0.000
   0.101  -0.275  -0.000    -0.137   0.338   0.000
   0.351   0.411  -0.000     0.104   0.087  -0.000
  -0.243   0.049  -0.000    -0.489   0.097  -0.000
  -0.101   0.275  -0.000     0.137  -0.338   0.000

Mode 24
  -0.002   0.005   0.000    -0.024  -0.029   0.000
  -0.050   0.007   0.000     0.037  -0.007   0.000
   0.014  -0.045  -0.000    -0.013   0.035  -0.000
   0.002  -0.005  -0.000    -0.024  -0.029  -0.000
   0.050  -0.007   0.000     0.037  -0.007   0.000
  -0.014   0.045  -0.000    -0.013   0.035  -0.000
   0.014   0.023  -0.000    -0.250  -0.293  -0.000
  -0.473   0.086   0.000     0.379  -0.070  -0.000
   0.150  -0.429  -0.000    -0.129   0.363   0.000
  -0.014  -0.023   0.000    -0.250  -0.293   0.000
   0.473  -0.086   0.000     0.379  -0.070   0.000
  -0.150   0.429  -0.000    -0.129   0.363  -0.000

Mode 25
  -0.035  -0.041  -0.000     0.035   0.041   0.000
  -0.053   0.010   0.000     0.053  -0.010  -0.000
  -0.018   0.051   0.000     0.018  -0.051  -0.000
   0.035   0.041  -0.000    -0.035  -0.041   0.000
   0.053  -0.010   0.000    -0.053   0.010  -0.000
   0.018  -0.051   0.000    -0.018   0.051  -0.000
   0.235   0.275   0.000    -0.235  -0.275  -0.000
   0.355  -0.066  -0.000    -0.355   0.066   0.000
   0.121  -0.341  -0.000    -0.121   0.341   0.000
  -0.235  -0.275   0.000     0.235   0.275  -0.000
  -0.355   0.066  -0.000     0.355  -0.066   0.000
  -0.121   0.341  -0.000     0.121  -0.341   0.000

Mode 26
   0.075   0.088   0.000    -0.076  -0.067  -0.000
  -0.114   0.021   0.000    -0.018   0.065   0.000
   0.039  -0.109  -0.000     0.067  -0.050  -0.000
   0.075   0.088  -0.000    -0.076  -0.067   0.000
  -0.114   0.021  -0.000    -0.018   0.065  -0.000
   0.039  -0.109   0.000     0.067  -0.050   0.000
  -0.046  -0.054  -0.000     0.234   0.301   0.000
   0.069  -0.013  -0.000     0.125   0.050  -0.000
  -0.023   0.066   0.000    -0.037   0.270   0.000
  -0.046  -0.054   0.000     0.234   0.301  -0.000
   0.069  -0.013   0.000     0.125   0.050   0.000
  -0.024   0.066  -0.000    -0.037   0.270  -0.000

Mode 27
  -0.067  -0.080  -0.000     0.032  -0.058  -0.000
  -0.043   0.066   0.000    -0.100  -0.000   0.000
   0.072  -0.029  -0.000     0.016   0.085  -0.000
  -0.067  -0.080   0.000     0.032  -0.057   0.000
  -0.043   0.066  -0.000    -0.100  -0.000  -0.000
   0.072  -0.029   0.000     0.016   0.085   0.000
   0.244   0.284   0.000     0.113   0.020   0.000
   0.202   0.033  -0.000     0.364  -0.090  -0.000
   0.006   0.196   0.000     0.144  -0.252  -0.000
   0.244   0.284  -0.000     0.113   0.020  -0.000
   0.202   0.033   0.000     0.364  -0.090   0.000
   0.005   0.196  -0.000     0.144  -0.252   0.000

Mode 28
   0.052  -0.042   0.000    -0.072  -0.085  -0.000
  -0.095  -0.017  -0.000     0.110  -0.020  -0.000
   0.000   0.097  -0.000    -0.037   0.105   0.000
   0.052  -0.042   0.000    -0.072  -0.085   0.000
  -0.095  -0.017   0.000     0.110  -0.020   0.000
  -0.000   0.097   0.000    -0.037   0.105  -0.000
   0.058  -0.057  -0.000     0.084   0.099   0.000
   0.309  -0.099  -0.000    -0.128   0.024   0.000
   0.146  -0.295  -0.000     0.043  -0.123  -0.000
   0.058  -0.057  -0.000     0.084   0.099  -0.000
   0.309  -0.099   0.000    -0.128   0.024  -0.000
   0.146  -0.295   0.000     0.043  -0.123   0.000

Mode 29
  -0.088  -0.113  -0.000     0.065   0.110   0.000
   0.068   0.047   0.000    -0.027  -0.052  -0.000
  -0.021  -0.097   0.000    -0.004   0.114  -0.000
   0.088   0.113  -0.000    -0.065  -0.110   0.000
  -0.068  -0.047   0.000     0.027   0.052  -0.000
   0.021   0.098   0.000     0.004  -0.114  -0.000
   0.117   0.125   0.000    -0.172  -0.161  -0.000
  -0.056   0.077   0.000     0.019  -0.072  -0.000
  -0.088   0.077   0.000     0.106  -0.177  -0.000
  -0.117  -0.125   0.000     0.172   0.161  -0.000
   0.057  -0.077   0.000    -0.019   0.072  -0.000
   0.088  -0.077   0.000    -0.106   0.177  -0.000

Mode 30
   0.059  -0.030   0.000    -0.074  -0.007  -0.000
  -0.125   0.050   0.000     0.132  -0.032  -0.000
   0.075  -0.097  -0.000    -0.070   0.063   0.000
  -0.059   0.030   0.000     0.074   0.007  -0.000
   0.125  -0.049   0.000    -0.132   0.032  -0.000
  -0.075   0.097  -0.000     0.070  -0.063   0.000
   0.042  -0.060  -0.000     0.016   0.115   0.000
   0.160  -0.000  -0.000    -0.249   0.037   0.000
  -0.007   0.145  -0.000     0.001  -0.163   0.000
  -0.042   0.060   0.000    -0.016  -0.115   0.000
  -0.160   0.000  -0.000     0.249  -0.037   0.000
   0.007  -0.145  -0.000    -0.001   0.163  -0.000

Mode 31
   0.025  -0.021   0.000     0.036  -0.031   0.000
   0.006   0.032  -0.000    -0.006  -0.020   0.000
  -0.030  -0.011   0.000     0.025   0.011  -0.000
   0.025  -0.021  -0.000     0.036  -0.031  -0.000
   0.006   0.032   0.000    -0.006  -0.020  -0.000
  -0.030  -0.011   0.000     0.025   0.011  -0.000
  -0.297   0.254  -0.000    -0.417   0.356  -0.000
  -0.071  -0.386   0.000     0.047   0.228  -0.000
   0.368   0.130  -0.000    -0.296  -0.109   0.000
  -0.297   0.254   0.000    -0.417   0.356   0.000
  -0.071  -0.386  -0.000     0.047   0.228   0.000
   0.368   0.130  -0.000    -0.296  -0.109   0.000

Mode 32
  -0.020   0.019  -0.000     0.005  -0.001   0.000
  -0.008  -0.046   0.000    -0.007  -0.043   0.000
   0.018   0.008  -0.000    -0.038  -0.012   0.000
   0.020  -0.019   0.000     0.005  -0.001  -0.000
   0.008   0.046   0.000    -0.007  -0.043  -0.000
  -0.018  -0.008   0.000    -0.038  -0.012   0.000
   0.241  -0.208   0.000    -0.040   0.027  -0.000
   0.100   0.541  -0.000     0.089   0.491  -0.000
  -0.216  -0.078   0.000     0.426   0.148  -0.000
  -0.241   0.208   0.000    -0.040   0.027   0.000
  -0.100  -0.541  -0.000     0.089   0.491   0.000
   0.216   0.078  -0.000     0.426   0.148  -0.000

Mode 33
   0.030  -0.024   0.000     0.037  -0.031   0.000
  -0.002  -0.004   0.000     0.002   0.021  -0.000
   0.040   0.014  -0.000     0.026   0.008  -0.000
  -0.030   0.024   0.000    -0.037   0.031   0.000
   0.002   0.004   0.000    -0.002  -0.021  -0.000
  -0.040  -0.014   0.000    -0.026  -0.008   0.000
  -0.343   0.292  -0.000    -0.417   0.356  -0.000
   0.011   0.050  -0.000    -0.039  -0.232   0.000
  -0.473  -0.167   0.000    -0.296  -0.101   0.000
   0.343  -0.292  -0.000     0.418  -0.356  -0.000
  -0.011  -0.050  -0.000     0.039   0.232   0.000
   0.473   0.167  -0.000     0.296   0.101  -0.000

Mode 34
   0.023  -0.016   0.000    -0.002   0.004  -0.000
  -0.009  -0.048  -0.000    -0.009  -0.043   0.000
  -0.021  -0.004   0.000     0.037   0.014  -0.000
   0.023  -0.016  -0.000     0.002  -0.004   0.000
  -0.009  -0.048  -0.000     0.009   0.043   0.000
  -0.021  -0.004  -0.000    -0.037  -0.014   0.000
  -0.239   0.200  -0.000     0.031  -0.033   0.000
   0.100   0.538  -0.000     0.093   0.489  -0.000
   0.225   0.076  -0.000    -0.426  -0.154   0.000
  -0.239   0.200   0.000    -0.031   0.033  -0.000
   0.100   0.538   0.000    -0.093  -0.489  -0.000
   0.225   0.076  -0.000     0.426   0.154  -0.000

Mode 35
  -0.030   0.028  -0.000     0.027  -0.023   0.000
   0.002  -0.004  -0.000    -0.006  -0.035  -0.000
  -0.041  -0.016   0.000    -0.033  -0.012   0.000
  -0.030   0.028  -0.000    -0.027   0.023   0.000
   0.002  -0.004   0.000     0.006   0.035   0.000
  -0.041  -0.016  -0.000     0.033   0.012  -0.000
   0.343  -0.296   0.000    -0.295   0.252  -0.000
   0.004   0.043  -0.000     0.071   0.382  -0.000
   0.467   0.167  -0.000     0.366   0.130  -0.000
   0.343  -0.296  -0.000     0.295  -0.252  -0.000
   0.004   0.043   0.000    -0.071  -0.382  -0.000
   0.467   0.167  -0.000    -0.366  -0.130   0.000

Mode 36
   0.027  -0.023   0.000    -0.027   0.023  -0.000
  -0.006  -0.035  -0.000    -0.006  -0.035   0.000
  -0.033  -0.012   0.000     0.033   0.012  -0.000
  -0.027   0.023  -0.000    -0.027   0.023   0.000
   0.006   0.035   0.000    -0.006  -0.035  -0.000
   0.033   0.012   0.000     0.033   0.012  -0.000
  -0.295   0.252  -0.000     0.295  -0.252   0.000
   0.070   0.380  -0.000     0.071   0.382  -0.000
   0.366   0.130  -0.000    -0.366  -0.130   0.000
   0.295  -0.252  -0.000     0.295  -0.252  -0.000
  -0.070  -0.380  -0.000     0.071   0.382   0.000
  -0.366  -0.130   0.000    -0.366  -0.130   0.000
